M01936:58:000000000-DC9P5:1:1102:10486:4751	HM861903.1	77.7	440	97	1	1	460	1	440	-1	0	95.4
M01936:58:000000000-DC9P5:1:1101:25399:7747	HQ882827.1	76.8	435	101	0	1	461	1	435	-1	0	94.4
M01936:58:000000000-DC9P5:1:1102:12233:6022	HQ882827.1	71.0	435	125	1	1	460	1	435	-1	0	94.3
M01936:58:000000000-DC9P5:1:1101:21642:27261	HQ882827.1	73.3	435	116	0	1	461	1	435	-1	0	94.4
M01936:58:000000000-DC9P5:1:1101:13991:2343	HQ882827.1	74.0	435	113	0	1	460	1	435	-1	0	94.6
M01936:58:000000000-DC9P5:1:1101:8356:6905	KT276716.1	72.5	462	125	2	1	461	1	461	-1	0	99.8
M01936:58:000000000-DC9P5:1:1101:9599:26202	HQ882827.1	76.8	435	101	0	1	461	1	435	-1	0	94.4
M01936:58:000000000-DC9P5:1:1101:14197:10265	JX260718.1	77.2	403	92	0	1	462	1	403	-1	0	87.2
M01936:58:000000000-DC9P5:1:1101:23032:24532	HE964936.1	74.2	453	117	0	1	461	1	453	-1	0	98.3
M01936:58:000000000-DC9P5:1:1102:22823:6345	HQ882827.1	76.3	435	103	0	1	461	1	435	-1	0	94.4
M01936:58:000000000-DC9P5:1:1102:8257:11380	HQ882827.1	76.3	435	103	0	1	461	1	435	-1	0	94.4
M01936:58:000000000-DC9P5:1:1102:18275:13544	HQ882827.1	76.1	435	104	0	1	461	1	435	-1	0	94.4
M01936:58:000000000-DC9P5:1:1101:19831:24339	MG426073.1	73.9	440	115	0	1	461	1	440	-1	0	95.4
M01936:58:000000000-DC9P5:1:1101:9015:10305	HQ846916.1	80.6	413	79	1	1	461	1	412	-1	0	89.4
M01936:58:000000000-DC9P5:1:1102:5723:17953	HQ846916.1	81.8	413	74	1	1	461	1	412	-1	0	89.4
M01936:58:000000000-DC9P5:1:1102:25276:6262	KX121101.1	81.6	441	80	1	1	460	1	441	-1	0	95.7
M01936:58:000000000-DC9P5:1:1102:25946:21663	JX260718.1	76.4	403	95	0	1	461	1	403	-1	0	87.4
M01936:58:000000000-DC9P5:1:1102:6692:8477	AB758094.1	78.5	461	97	2	1	459	1	461	-1	0	100.0
M01936:58:000000000-DC9P5:1:1102:27584:22606	HQ882827.1	73.3	435	116	0	1	461	1	435	-1	0	94.4
M01936:58:000000000-DC9P5:1:1102:27403:22250	KR690133.1	70.7	441	129	0	1	461	1	441	-1	0	95.7
M01936:58:000000000-DC9P5:1:1102:5600:12502	KJ675151.1	74.8	452	113	1	1	460	1	452	-1	0	98.0
M01936:58:000000000-DC9P5:1:1102:3417:19266	HQ882827.1	76.8	435	101	0	1	461	1	435	-1	0	94.4
M01936:58:000000000-DC9P5:1:1102:16550:21710	EU016196.1	73.8	461	121	0	1	461	1	461	-1	0	100.0
