M01936:58:000000000-DC9P5:1:1101:14693:4615	HQ882827.1	77.5	435	98	0	1	460	1	435	-1	0	94.6
M01936:58:000000000-DC9P5:1:1101:8692:17587	HQ882827.1	77.7	435	96	1	1	460	1	435	-1	0	94.3
M01936:58:000000000-DC9P5:1:1101:28674:16767	KY800200.1	73.8	461	119	2	1	459	1	461	-1	0	100.0
M01936:58:000000000-DC9P5:1:1101:24492:10667	JX260718.1	77.2	403	92	0	1	461	1	403	-1	0	87.4
M01936:58:000000000-DC9P5:1:1101:17603:26251	AY830424.1	79.0	457	95	1	1	460	1	457	-1	0	99.1
M01936:58:000000000-DC9P5:1:1101:15741:10977	HQ882827.1	76.1	435	104	0	1	461	1	435	-1	0	94.4
M01936:58:000000000-DC9P5:1:1101:14401:17131	JX478062.1	73.2	462	123	1	1	462	1	461	-1	0	99.8
M01936:58:000000000-DC9P5:1:1101:2791:20290	KC499599.1	78.3	461	99	1	1	460	1	461	-1	0	100.0
M01936:58:000000000-DC9P5:1:1101:10722:25526	EU147463.1	71.4	461	132	0	1	461	1	461	-1	0	100.0
M01936:58:000000000-DC9P5:1:1101:24570:8548	JX260718.1	77.2	403	92	0	1	461	1	403	-1	0	87.4
M01936:58:000000000-DC9P5:1:1102:15681:26870	AY830436.1	71.8	458	129	0	1	458	1	458	-1	0	100.0
M01936:58:000000000-DC9P5:1:1102:7436:7524	KF453223.1	76.2	400	93	1	1	459	1	400	-1	0	86.7
M01936:58:000000000-DC9P5:1:1102:15898:11555	AY830424.1	77.5	457	101	1	1	459	1	457	-1	0	99.1
M01936:58:000000000-DC9P5:1:1102:24750:24093	AY830424.1	78.3	457	98	1	1	460	1	457	-1	0	99.1
M01936:58:000000000-DC9P5:1:1102:28572:11775	JX478062.1	73.3	461	123	0	1	461	1	461	-1	0	100.0
M01936:58:000000000-DC9P5:1:1102:9043:22241	KX420509.1	71.5	445	127	0	1	461	1	445	-1	0	96.5
M01936:58:000000000-DC9P5:1:1102:8072:5604	JX260718.1	77.2	403	92	0	1	461	1	403	-1	0	87.4
M01936:58:000000000-DC9P5:1:1102:8902:18276	HQ882827.1	74.3	435	112	0	1	461	1	435	-1	0	94.4
M01936:58:000000000-DC9P5:1:1102:17169:24079	GQ922206.1	75.2	459	114	0	1	461	1	459	-1	0	99.6
M01936:58:000000000-DC9P5:1:1102:2310:15326	AY830424.1	79.4	457	93	1	1	460	1	457	-1	0	99.1
M01936:58:000000000-DC9P5:1:1102:7791:16213	AY830427.1	77.9	461	100	1	1	459	1	461	-1	0	100.0
M01936:58:000000000-DC9P5:1:1102:26274:22382	JX260718.1	76.7	403	94	0	1	461	1	403	-1	0	87.4
