M01936:58:000000000-DC9P5:1:1101:6334:7050	KC974984.1	74.1	440	114	0	1	461	1	440	-1	0	95.4
M01936:58:000000000-DC9P5:1:1101:2760:18874	KC519494.1	71.4	440	124	1	1	459	1	440	-1	0	95.4
M01936:58:000000000-DC9P5:1:1101:4446:9924	MG734047.1	71.7	452	128	0	1	461	1	452	-1	0	98.0
M01936:58:000000000-DC9P5:1:1101:4554:15909	JX260718.1	77.2	403	92	0	1	461	1	403	-1	0	87.4
M01936:58:000000000-DC9P5:1:1101:17922:6929	HM861903.1	77.0	440	100	1	1	460	1	440	-1	0	95.4
M01936:58:000000000-DC9P5:1:1101:18208:21345	AB708424.1	73.4	428	114	0	1	461	1	428	-1	0	92.8
M01936:58:000000000-DC9P5:1:1101:19987:19342	KX121101.1	81.4	441	82	0	1	461	1	441	-1	0	95.7
M01936:58:000000000-DC9P5:1:1101:23897:15518	HQ882827.1	76.8	435	101	0	1	461	1	435	-1	0	94.4
M01936:58:000000000-DC9P5:1:1102:19917:7260	MF347703.1	70.5	461	136	0	1	461	1	461	-1	0	100.0
M01936:58:000000000-DC9P5:1:1101:14004:22470	JX478062.1	74.0	461	120	0	1	461	1	461	-1	0	100.0
M01936:58:000000000-DC9P5:1:1101:13677:28746	JX260718.1	75.4	403	99	0	1	461	1	403	-1	0	87.4
M01936:58:000000000-DC9P5:1:1102:25776:6474	HM861903.1	77.5	440	98	1	1	460	1	440	-1	0	95.4
M01936:58:000000000-DC9P5:1:1102:25797:9762	AB758052.1	74.4	461	117	1	1	460	1	461	-1	0	100.0
M01936:58:000000000-DC9P5:1:1102:11446:13781	KX121101.1	82.1	441	78	1	1	460	1	441	-1	0	95.7
M01936:58:000000000-DC9P5:1:1102:8647:24652	MF774497.1	73.3	461	123	0	1	461	1	461	-1	0	100.0
M01936:58:000000000-DC9P5:1:1102:4439:21836	AB758086.1	77.0	461	104	1	1	459	1	461	-1	0	100.0
