M01936:58:000000000-DC9P5:1:1101:7923:21768	XM_018157553.1	70.7	464	120	5	1	459	1	454	-1	0	97.6
M01936:58:000000000-DC9P5:1:1101:23789:23663	NC_034124.1	70.6	463	132	3	1	461	1	461	-1	0	99.6
M01936:58:000000000-DC9P5:1:1101:28711:19888	AB758094.1	74.2	461	119	0	1	461	1	461	-1	0	100.0
M01936:58:000000000-DC9P5:1:1102:8580:25196	GQ922206.1	78.2	459	100	0	1	461	1	459	-1	0	99.6
M01936:58:000000000-DC9P5:1:1102:21701:20882	HQ882827.1	76.8	435	101	0	1	461	1	435	-1	0	94.4
M01936:58:000000000-DC9P5:1:1102:6623:10552	AB758094.1	78.1	461	100	1	1	460	1	461	-1	0	100.0
M01936:58:000000000-DC9P5:1:1101:23290:12235	KX121101.1	81.4	441	81	1	1	460	1	441	-1	0	95.7
M01936:58:000000000-DC9P5:1:1102:6461:12832	KR437393.1	74.8	440	110	1	1	460	1	440	-1	0	95.4
M01936:58:000000000-DC9P5:1:1102:19964:18303	GU334243.1	70.6	445	130	1	1	460	1	445	-1	0	96.5
M01936:58:000000000-DC9P5:1:1102:26019:8623	HM861768.1	75.7	440	106	1	1	460	1	440	-1	0	95.4
M01936:58:000000000-DC9P5:1:1102:25518:24657	EU770565.1	79.4	402	83	0	1	461	1	402	-1	0	87.2
M01936:58:000000000-DC9P5:1:1102:8565:11528	GQ922206.1	83.0	459	78	0	1	461	1	459	-1	0	99.6
M01936:58:000000000-DC9P5:1:1102:5140:20185	MF347703.1	74.8	461	116	0	1	461	1	461	-1	0	100.0
