M01936:58:000000000-DC9P5:1:1101:19991:8290	AY830436.1	72.5	458	125	1	1	457	1	458	-1	0	100.0
M01936:58:000000000-DC9P5:1:1101:15499:15295	HQ882827.1	77.0	435	100	0	1	461	1	435	-1	0	94.4
M01936:58:000000000-DC9P5:1:1101:11891:9812	HQ882827.1	78.2	435	95	0	1	461	1	435	-1	0	94.4
M01936:58:000000000-DC9P5:1:1101:14303:17920	KF257094.1	70.9	461	134	0	1	461	1	461	-1	0	100.0
M01936:58:000000000-DC9P5:1:1101:3662:20172	GQ922206.1	80.4	459	90	0	1	461	1	459	-1	0	99.6
M01936:58:000000000-DC9P5:1:1101:12698:23468	FJ614820.1	72.2	461	128	0	1	461	1	461	-1	0	100.0
M01936:58:000000000-DC9P5:1:1101:9197:16715	HQ882827.1	75.9	435	105	0	1	461	1	435	-1	0	94.4
M01936:58:000000000-DC9P5:1:1101:9072:19835	HQ882827.1	76.3	435	103	0	1	461	1	435	-1	0	94.4
M01936:58:000000000-DC9P5:1:1102:12774:2340	JX260718.1	81.6	403	74	0	1	462	1	403	-1	0	87.2
M01936:58:000000000-DC9P5:1:1101:6199:14022	GQ922206.1	84.3	459	72	0	1	461	1	459	-1	0	99.6
M01936:58:000000000-DC9P5:1:1101:27054:17286	JX260718.1	81.4	403	75	0	1	461	1	403	-1	0	87.4
M01936:58:000000000-DC9P5:1:1102:12875:26327	AF332947.1	85.0	393	59	0	1	461	1	393	-1	0	85.2
M01936:58:000000000-DC9P5:1:1101:25312:5913	HQ882827.1	77.7	435	97	0	1	461	1	435	-1	0	94.4
M01936:58:000000000-DC9P5:1:1102:19086:4776	JX260718.1	77.2	403	92	0	1	461	1	403	-1	0	87.4
M01936:58:000000000-DC9P5:1:1101:16875:2828	JX260718.1	80.6	403	78	0	1	462	1	403	-1	0	87.2
M01936:58:000000000-DC9P5:1:1101:25292:5916	HQ882827.1	77.0	435	100	0	1	461	1	435	-1	0	94.4
M01936:58:000000000-DC9P5:1:1102:15937:14852	JX260718.1	77.4	403	91	0	1	461	1	403	-1	0	87.4
M01936:58:000000000-DC9P5:1:1102:22701:16759	JX260718.1	81.4	403	75	0	1	461	1	403	-1	0	87.4
M01936:58:000000000-DC9P5:1:1102:12905:24770	HQ882827.1	77.7	435	97	0	1	461	1	435	-1	0	94.4
M01936:58:000000000-DC9P5:1:1102:17950:20469	GQ922206.1	82.6	459	80	0	1	461	1	459	-1	0	99.6
M01936:58:000000000-DC9P5:1:1102:18582:18976	KR570828.1	98.6	441	6	0	1	461	1	441	-1	0	95.7
